1.jpg 7 454 129 98 154 338 256 115 165 249 437 160 174 693 240 148 171 836 122 146 134 488 536 189 151 983 480 130 114
3.jpeg 1 56 22 153 107
5.jpg 2 28 86 252 237 378 30 358 347
istanbul1.jpg 6 387 8 93 93 440 263 85 96 497 14 84 94 358 312 74 92 29 332 97 102 263 333 85 95
istanbul10.jpg 3 665 34 53 69 742 114 54 46 480 16 103 51
istanbul11.jpg 4 244 130 94 80 472 111 62 62 92 11 54 80 181 30 58 86
istanbul3.jpg 1 146 5 93 111
istanbul4.jpg 2 773 417 79 98 351 456 64 75
istanbul5.jpg 5 206 71 83 94 46 345 109 99 179 395 59 92 28 548 86 111 443 463 69 53
istanbul6.JPG 3 8 191 51 71 71 174 69 67 108 11 73 47
istanbul8.JPG 2 159 243 59 78 549 497 53 73
istanbul9.jpg 2 221 313 91 83 173 113 96 89
t1.jpg 3 722 156 120 79 478 287 311 83 1063 370 237 180
t2.jpg 2 282 115 62 53 97 67 54 53
t3.jpg 8 226 162 136 67 415 36 101 63 116 31 118 71 338 148 157 62 538 335 173 74 421 358 152 83 69 457 166 57 93 266 177 69
t4.jpeg 2 1 136 94 50 0 26 76 46
t5.jpg 6 212 147 76 90 290 172 140 92 438 172 113 63 404 14 150 98 3 34 60 136 106 314 76 54
t8.jpg 2 271 23 109 102 347 218 564 385
2.jpg 3 143 179 100 107 282 126 109 91 176 6 86 125
istanbul1.jpg 8 153 67 73 100 78 133 77 94 23 225 83 95 39 343 82 95 174 266 83 96 295 184 72 94 359 104 73 105 503 15 73 105
istanbul10.jpg 7 259 165 73 80 669 34 49 56 474 12 109 63 258 50 97 56 128 198 82 79 157 398 88 83 420 497 85 86
istanbul11.jpg 3 97 16 44 80 185 35 51 77 246 149 89 66
istanbul12.jpg 3 206 60 80 108 201 171 134 76 10 95 50 94
istanbul2.jpg 6 14 62 78 68 76 3 82 64 100 209 62 101 363 197 77 70 365 112 70 79 335 27 70 87
istanbul3.jpg 2 150 3 102 122 103 286 97 89
istanbul4.jpg 9 382 259 59 69 350 70 56 62 670 207 102 83 774 411 86 103 74 1 76 75 234 143 71 53 150 544 80 74 537 573 75 74 799 54 55 85
istanbul5.jpg 13 211 93 74 67 271 171 73 60 421 219 62 58 373 117 79 78 212 303 84 74 346 311 59 74 321 412 63 91 61 441 71 119 33 554 82 96 55 343 99 94 411 324 59 66 392 422 52 71 268 531 58 78
istanbul6.JPG 5 63 111 76 61 6 187 58 80 11 273 54 81 68 175 65 65 106 4 80 62
istanbul7.JPG 3 21 176 91 133 117 237 68 101 222 257 76 75
istanbul9.jpg 1 196 217 88 81
12.jpg 26 222 48 164 97 197 139 91 56 187 195 94 54 155 301 76 69 136 374 96 64 250 429 96 80 258 365 92 70 399 446 81 59 403 391 75 55 405 338 71 54 275 246 86 68 288 191 76 60 413 246 75 55 417 156 69 50 487 286 73 51 481 378 72 62 596 381 82 63 595 341 75 57 590 290 82 51 685 392 72 62 679 302 71 57 678 211 70 60 605 166 70 48 677 173 66 47 590 93 78 49 592 50 75 54
13.jpg 19 689 260 224 233 546 417 84 98 548 344 96 67 560 243 84 51 570 193 78 56 581 146 73 64 577 68 76 57 586 7 72 53 428 31 60 73 383 106 78 160 343 306 94 73 85 191 64 71 10 250 105 84 105 375 96 87 285 108 77 84 205 133 72 49 219 68 72 73 126 43 80 65 590 2 69 56
b1.jpeg 47  544 142 127 70 689 145 126 66 544 232 69 124 751 229 68 123 647 308 75 163 611 551 147 66 764 374 80 237 608 547 152 69 124 94 28 42 322 231 17 26 187 350 17 24 250 353 16 26 333 357 17 26 333 357 17 26 313 356 17 26 248 353 18 27 187 352 17 23 160 299 17 25 179 300 16 26 182 271 19 24 240 303 19 26 333 104 22 42 447 352 35 25 144 521 58 27 158 550 44 62 47 515 29 54 42 512 70 28 156 454 21 25 179 455 18 26 199 455 19 29 241 459 19 25 327 462 19 28 367 469 17 25 186 376 198 118 186 376 18 26 312 150 20 26 270 148 18 25 291 149 19 25 377 153 13 27 398 156 19 25 424 264 26 22 651 22 37 22 480 11 208 33 480 11 30 48
b10.jpeg 3  380 75 96 147 600 73 204 154 828 79 201 147
b11.jpeg 9  163 401 102 133 280 410 87 199 372 410 109 206 525 435 311 154 860 441 103 170 402 51 159 276 638 67 201 245 885 67 180 266 139 50 192 258
b12.jpeg 10  181 305 137 204 351 318 98 181 476 301 126 211 475 111 131 179 612 101 130 194 624 382 103 129 758 338 124 175 898 338 124 174 36 86 127 210 74 306 94 203
b13.jpeg 7  36 109 234 156 287 127 135 149 441 112 187 153 640 117 126 152 28 293 155 239 846 340 133 218 547 491 276 90
b14.jpeg 19  181 236 91 136 277 238 89 128 372 238 93 132 472 247 78 130 564 255 86 125 659 258 84 119 752 259 76 120 843 266 65 114 953 272 143 116 959 403 137 107 840 388 64 119 748 388 82 111 552 382 104 124 660 387 80 112 466 382 90 111 377 376 86 106 276 377 83 104 184 378 80 102 74 372 103 107
b15.jpeg 12  218 380 170 99 409 379 175 98 215 490 185 113 416 505 154 102 275 145 117 90 406 130 164 108 753 118 201 114 774 282 183 115 744 439 106 114 855 439 80 115 855 439 80 115 400 2 150 106
b16.jpeg 10  76 202 213 172 773 248 42 54 585 376 62 34 395 18 80 40 935 3 47 47 835 2 47 47 998 196 56 83 985 353 61 71 773 249 45 54
b17.jpeg 5  141 373 267 172 561 120 189 127 565 255 191 106 398 136 150 225 542 396 256 66
b18.jpeg 11  376 152 414 67 344 339 420 65 857 320 192 79 860 163 185 84 184 153 82 245 349 516 49 199 476 518 44 194 603 511 175 198 846 511 189 176 846 511 189 176
b2.jpeg 47  52 199 70 42 46 297 67 42 39 341 70 44 36 397 67 35 37 443 57 40 104 460 39 30 105 426 40 26 110 400 35 26 110 374 37 21 116 340 32 26 190 455 34 29 189 398 39 26 235 367 37 26 191 369 37 25 192 338 37 26 236 338 43 29 194 310 40 27 237 312 39 24 197 282 35 23 237 282 41 25 197 256 37 23 239 252 40 24 200 221 36 27 243 222 35 24 202 193 39 27 247 189 34 25 454 412 32 70 539 412 46 66 590 412 43 68 625 372 84 33 738 418 32 57 698 237 72 42 695 196 56 37 654 104 39 25 715 147 36 35 651 163 35 20 290 102 28 39 344 65 31 32 436 100 28 36 494 99 31 33 522 59 28 34 555 59 26 36 325 182 41 35 320 279 38 28 319 339 42 28 475 374 30 33
b3.jpeg 16  151 89 150 544 338 252 121 140 465 252 73 137 543 250 126 137 561 402 117 136 450 414 103 120 789 251 64 129 856 243 60 94 865 351 60 172 865 351 60 172 802 397 57 123 915 244 154 266 465 60 64 138 783 26 63 160 719 30 56 160
b4.jpeg 15  357 411 178 132 30 524 66 60 219 479 79 61 758 388 78 96 767 550 64 80 848 405 50 48 773 203 80 113 585 193 93 132 569 41 302 140 30 259 106 70 156 189 48 153 210 269 52 63 35 190 105 58 514 110 60 187
b5.jpeg 20  379 369 82 95 457 367 84 89 545 358 48 92 596 357 175 83 781 354 108 88 217 392 90 81 311 132 38 89 353 133 36 89 416 131 45 84 465 130 37 93 506 129 38 91 549 120 52 93 613 122 24 88 642 117 75 79 735 104 30 96 769 104 30 98 806 100 36 100 351 30 33 90
b6.jpeg 12  161 124 102 188 269 122 94 194 378 121 112 197 497 124 92 154 610 107 98 208 725 147 105 165 134 312 115 198 373 326 107 200 593 333 107 198 712 329 209 214 936 339 107 206 960 144 92 177
b7.jpeg 6  230 324 108 209 424 29 151 265 590 333 151 268 759 421 163 216 768 125 145 217 253 88 106 141
b8.jpeg 8  83 267 130 174 231 259 140 181 269 68 291 169 584 80 142 168 732 88 93 167 830 86 155 177 546 261 162 167 721 271 148 150
